208955
192993
198696
204905
200829
194746
194959
211854
200355
191592
207996
194512
202509
197707
201997
202381
205521
199863
189378
197947
191554
203175
194425
201578
202772
206015
194710
196998
190993
201039
198324
195613
203385
203849
212722
205626
201731
198937
203459
200639
198120
213376
197686
200256
197366
194891
200931
203296
195470
202087
195532
200467
200388
206753
190993
206952
212125
208904
199146
199149
188860
206580
191365
189439
196764
195282
198314
197259
206911
199855
206041
204920
194808
206085
197440
199278
191149
267271
199258
197743
193833
192551
192029
190967
200346
194853
200848
204555
204400
208560
208153
217607
205982
202482
189999
204136
199146
196598
200874
198646
207879
201467
202622
197424
208049
188613
201377
194610
208955
203377
199289
187037
209126
208807
200284
194665
188602
210449
204845
190767
198124
193425
209835
200410
185406
175427
205037
199263
201027
215945
196767
194434
199290
199255
205899
194578
199945
195586
202923
200979
201990
200685
205434
190000
200692
200840
191462
204518
196652
209268
198821
202311
199923
193955
200839
194427
210856
195459
199724
205545
197150
194697
181707
203652
201136
197371
199611
209510
197116
200336
191562
199158
200693
207415
188934
207052
203902
207928
221177
204944
204725
203877
185519
203083
212717
201404
198542
195912
193712
187716
199803
196968
198620
201037
197365
199776
205581
196330
198337
196226
213129
200522
196598
201653
193686
195497
198110
200621
196884
195141
173376
200489
196702
200879
202464
207270
201711
203693
197920
189087
211016
188846
187081
196135
195997
209768
203870
195064
212622
203375
202770
198282
195623
200451
194257
201622
200783
203204
196246
199332
189106
202051
204295
189283
192819
207342
190335
218330
203397
195781
206088
191024
203145
193086
198203
198905
185175
197138
192253
191301
212791
203844
194597
199935
191584
201192
202415
204444
208178
202022
193136
206108
197863
199764
201409
196493
187568
203629
203396
207686
193674
214686
196881
186676
199971
201432
202380
197679
205077
200705
193094
204183
195295
191153
192171
198230
200254
191096
200997
203992
210792
202951
212380
204255
202514
198772
206824
204947
207702
202101
197961
197137
201572
201519
196221
198260
194413
197216
205823
183465
204094
199281
194451
195978
205713
206384
191274
197237
195310
202998
185845
189290
194169
202026
193278
202228
204490
198313
198074
212279
205723
204163
187314
192647
194662
200682
194078
188002
205457
199060
200159
196070
196606
199344
196460
200773
202913
192357
193421
199753
205429
205858
207454
202723
204669
197315
209781
204150
202721
202128
201083
196140
195845
202409
193869
186681
195113
190298
207905
215309
200162
202756
199080
201646
203220
195980
191581
205725
196574
197225
196298
204242
203696
193509
188837
200675
205630
213097
199152
193382
188114
189633
199710
200381
199354
199579
200925
197083
196920
206047
216460
202873
203277
198942
198022
201122
202037
204540
195663
204669
204196
201282
209190
196769
196872
197471
194350
211638
210168
203715
204182
198017
201478
188233
202985
195037
201344
196972
200551
203966
200157
188644
198326
201675
188219
200251
205629
196837
202397
197210
191142
183552
204590
198752
200143
197820
205737
206215
200925
197723
203252
202059
205089
199619
198328
194343
207221
208113
200631
197567
199748
196279
210364
214933
202725
201448
197027
201620
201247
199307
193633
200144
204187
205068
190404
194249
198845
192959
189154
204651
210588
198843
195643
197003
194295
189086
206311
192899
201404
198896
204355
204257
195036
193936
197584
210384
209374
196463
198236
185581
202043
201749
197150
199733
200058
197974
195836
189463
206035
202005
200591
200929
212043
197902
201589
194095
203475
210979
204922
195409
196221
205142
200322
197483
208517
202072
219570
214115
179950
190220
205951
197314
209335
201123
199771
193648
194676
191809
201868
194459
203443
200385
202891
206034
197459
204130
198732
197297
208242
202686
205564
198349
200589
205096
197129
197785
202119
208157
198096
200492
205519
195503
201110
191782
163388
178081
195820
201266
187774
206547
196637
205984
206697
200151
198166
188648
208863
199655
206876
207416
205641
200243
214924
199161
206980
201733
206073
189926
201314
185910
200597
194725
200979
201341
201731
193354
204843
205118
203071
193181
201405
187245
200957
203128
195195
204891
199373
205585
210092
205716
193928
197684
200961
205379
207037
204321
206717
209811
205773
201454
199569
197876
199102
195540
185977
214665
197349
199912
195731
203098
194485
209600
203949
217263
202645
194006
205834
201666
203103
207252
190437
198039
196148
198913
192293
203013
189917
189355
202717
193307
201339
204775
197679
189153
190191
204559
208275
205820
210154
194129
202407
204087
197251
194246
193148
202012
200286
185237
201799
202726
204899
202055
185226
189956
194232
208437
194918
195215
203472
197941
197497
204772
204974
210610
200931
200099
196604
192669
201400
190208
199214
196421
208062
217472
191837
204227
200874
197113
196541
202365
197186
196695
201582
208304
197072
210833
193726
193879
198770
196346
199943
202542
201642
198444
215817
200403
190363
193212
198488
205495
195944
196571
213276
195273
202442
199815
201593
197392
200613
196267
200197
194674
196063
188932
198654
199053
200468
221714
199627
192408
193825
191047
186866
198675
204038
206633
207099
201523
197558
207559
206363
214469
187451
194540
191799
198335
202089
208498
189683
204016
195109
207638
191222
195562
201893
193539
190621
197453
198872
209504
199588
194109
207383
205359
200951
195366
193600
202584
206618
192161
200578
199240
206438
206359
215199
190669
198869
197222
201790
211061
211643
207898
200297
206131
205103
198163
199625
203255
202736
196436
211608
193403
201986
201436
203721
197600
199082
196186
205807
188629
195056
199136
200123
203914
201673
194725
209736
197035
202084
195534
204181
196119
193655
208756
190483
197228
193860
196338
196415
121539
201284
210164
201605
198847
215063
193578
192594
194809
196650
198438
195322
190738
200999
195975
201110
198781
201493
200375
205890
195865
200773
193623
201311
200180
191450
194246
199037
194973
204476
199929
202722
209653
199950
197053
198595
216340
203089
204753
204744
197811
196312
201432
189658
194739
205617
194937
195899
188644
194943
198385
201107
187032
201118
203646
200714
211017
194518
203019
207764
198090
191754
206888
195203
204250
205820
186952
205371
204297
196272
207522
195746
200044
206002
196370
201525
199616
193444
203715
193692
217607
200413
200926
203329
210761
201204
191794
198989
196735
196633
210297
200725
196260
198967
198670
197836
194767
205603
193717
193994
195904
194990
199599
195246
198448
201348
198580
205565
199819
203295
210280
193866
185006
202214
199597
212455
195694
194211
206677
210755
204091
193945
195927
202759
205631
192763
201588
192206
200281
206754
190569
207369
201234
190500
197450
189371
196305
186677
216172
197706
201562
200550
204553
194275
205903
199070
207285
210487
198940
200262
208918
198232
193203
197038
198885
185076
202294
203942
192893
179928
205203
205916
198105
208629
199337
211263
200258
205918
205902
235493
191041
188029
200340
193333
197039
191810
193021
212862
188254
203984
199354
209298
207847
201135
202367
204343
197838
189573
202988
195086
203983
200396
210497
204532
200793
205896
197954
197001
198492
200568
200675
199745
202258
205717
203823
204194
194293
206552
200281
198380
201099
199680
209555
206299
212399
202574
198672
214425
192696
193663
205347
200256
199434
191261
189816
201886
192984
198288
198141
203835
206800
207529
200564
199988
195740
193927
195372
201533
200485
194107
200822
192338
201119
192453
203898
192579
199750
195269
200273
198844
203914
197444
196462
203631
194131
197464
205065
197676
196687
201795
197595
193248
202923
207971
204957
194301
202593
196793
203119
198972
200523
195010
196983
217575
200858
196220
199673
201173
202274
205982
195055
197858
197096
204808
195778
198993
201900
199065
207003
194395
197704
196207
200681
202571
199735
210193
190343
198875
224264
200816
200352
197448
203104
195509
199611
195951
198868
191274
207977
198213
194371
198575
201517
199779
192724
196442
196030
208666
203697
196000
195504
196606
199005
202234
213751
204968
185215
206755
210189
196644
201680
201284
202263
195451
213428
194585
209578
207160
208832
209968
194792
198869
192100
197539
193921
205487
205149
196832
186600
193198
200617
205032
200567
198478
197334
197745
206386
200101
193980
198494
204913
207974
196931
200570
202929
189992
199166
210716
187400
203928
198156
196154
187429
200613
200976
195550
196829
195284
207409
202239
195675
201843
195129
199556
198697
194772
195474
204913
195564
206675
200453
202713
197280
195630
199202
201895
199890
200568
207053
207636
205204
191742
202670
206651
199847
202348
207876
193493
201584
197956
200009
201472
195565
201730
200660
197408
194923
197967
199777
206797
196667
200352
205491
196941
190970
201919
196225
195413
210974
195555
213326
183612
193789
198410
195908
201797
209782
207237
201921
199450
195113
195071
195555
200284
206827
209243
204321
208463
200330
194942
198341
199563
201226
185626
210559
206183
198415
195369
199386
201741
195508
223119
205761
198360
196524
196012
201275
195039
199747
202458
199847
196432
188426
210169
196483
196001
200096
201943
201942
201759
204864
205301
204751
198850
208190
187584
199987
206176
199617
193354
196018
195226
202330
176525
208596
205386
198073
200527
198524
219637
196820
200071
195619
203377
199006
210706
200537
204034
200256
197405
199467
196431
193181
196627
199529
196634
199407
